0.498998 -1.575641
0.657315 -2.587264
0.583166 -2.009345
0.032064 0.448153
0.619238 -2.319303
0.721443 -2.891094
0.979960 -4.259557
0.216433 -0.239092
0.194389 -0.019820
0.911824 -3.532948
0.344689 -1.053422
0.835671 -3.193892
0.368737 -0.963792
0.256513 -0.563831
0.490982 -1.671050
0.330661 -0.927676
0.204409 -0.155774
0.545090 -1.919100
0.482966 -1.393911
0.765531 -3.046161
0.234469 -0.261682
0.136273 -0.047740
0.761523 -3.242603
0.885772 -3.627288
0.723447 -2.585797
0.639279 -2.202706
0.410822 -1.248142
0.909820 -3.716757
0.565130 -1.902092
0.060120 0.349087
0.959920 -4.267014
0.360721 -1.025552
0.539078 -1.842109
0.134269 0.155335
0.927856 -4.169634
0.054108 0.648776
0.617234 -2.227205
0.877756 -3.479538
0.551102 -2.109925
0.222445 -0.301447
0.883768 -3.329662
0.338677 -0.738130
0.456914 -1.389182
0.200401 -0.183758
0.987976 -4.158149
0.364729 -0.833662
0.873747 -3.555554
0.581162 -2.210895
0.941884 -3.932672
0.661323 -2.754057
0.470942 -1.575086
0.122244 0.043058
0.430862 -1.546853
0.426854 -1.453256
0.382766 -1.196385
0.799599 -3.349232
0.008016 0.923911
0.795591 -3.084614
0.434870 -1.405036
0.797595 -3.424990
0.186373 -0.086066
0.004008 0.755869
0.164329 -0.025185
0.787575 -3.105296
0.739479 -2.845548
0.342685 -0.861623
0.915832 -4.094801
0.276553 -0.494103
0.757515 -2.856699
0.270541 -0.484229
0.635271 -2.196724
0.699399 -2.700315
0.044088 0.698719
0.172345 -0.129411
0.354709 -0.923597
0.689379 -2.798177
0.058116 0.467043
0.685371 -2.552790
0.098196 0.343007
0.438878 -1.377895
0.535070 -1.782183
0.665331 -2.463998
0.082164 0.335375
0.462926 -1.823063
0.126253 0.283283
0.162325 -0.239516
0.993988 -4.419040
0.931864 -3.758018
0.683367 -2.592083
0.064128 0.515139
0.284569 -0.511929
0.050100 0.446757
0.853707 -3.270635
0.150301 0.171205
0.729459 -2.517362
0.236473 -0.336949
0.128257 0.416749
0.036072 0.453289
0.847695 -3.257037
0.220441 -0.238453
0.653307 -2.455347
0.585170 -1.939340
0.022044 0.671054
0.677355 -2.550006
0.286573 -0.746114
0.801603 -3.195118
0.348697 -1.097369
0.947896 -3.745081
0.939880 -4.067527
0.110220 0.167412
0.318637 -0.574288
0.983968 -4.151464
0.845691 -3.460609
0.362725 -1.072783
0.919840 -3.914289
0.210421 -0.171301
0.146293 0.165196
0.861723 -3.752001
0.857715 -3.520708
0.667335 -2.386097
0.466934 -1.321456
0.034068 0.697402
0.202405 -0.067255
0.052104 0.438223
0.527054 -1.841531
0.182365 0.047159
0.072144 0.364405
0.086172 0.394766
0.264529 -0.719127
0.827655 -3.214084
0.334669 -0.723910
0.837675 -3.452058
0.547094 -1.726424
0.454910 -1.428178
0.158317 -0.189938
0.302605 -0.718185
1.000000 -4.142092
0.240481 -0.408465
0.523046 -1.968068
0.262525 -0.582358
0.595190 -2.184524
0.160321 0.333705
0.971944 -4.142176
0.144289 0.035330
0.953908 -3.898896
0.777555 -3.054124
0.605210 -2.437448
0.781563 -2.993723
0.625251 -2.266233
0.290581 -0.582646
0.288577 -0.458429
0.084168 0.220853
0.901804 -3.721366
0.891784 -3.691550
0.246493 -0.276447
0.929860 -3.972071
0.897796 -3.722961
0.480962 -1.770091
0.168337 0.049828
0.352705 -1.287652
0.400802 -1.067501
0.026052 0.572649
0.975952 -4.087615
0.611222 -2.318197
0.390782 -1.051217
0.380762 -1.270304
0.879760 -3.327715
0.517034 -2.019247
0.973948 -4.358488
0.969940 -3.971675
0.340681 -0.978997
0.304609 -0.642833
0.242485 -0.178445
0.995992 -4.324315
0.114228 0.312697
0.444890 -1.266376
0.308617 -0.767290
0.148297 0.107517
0.016032 0.758739
0.573146 -1.998265
0.280561 -0.458965
0.637275 -2.253227
0.981964 -4.126502
0.851703 -3.366271
0.505010 -1.664489
0.691383 -2.699307
0.208417 -0.093565
0.701403 -2.482279
0.567134 -2.088993
0.030060 0.582567
0.448898 -1.198861
0.633267 -2.282172
0.521042 -1.565561
0.268537 -0.676876
0.859719 -3.482757
0.408818 -0.990217
0.687375 -2.510373
0.366733 -1.318572
0.212425 -0.496519
0.577154 -1.946084
0.298597 -0.693395
0.843687 -3.374467
0.042084 0.744850
0.440882 -1.513039
0.671343 -2.499501
0.106212 0.153915
0.048096 0.467967
0.468938 -1.509772
0.693387 -2.455650
0.985972 -3.870267
0.561122 -2.103123
0.412826 -1.500278
0.575150 -2.130324
0.679359 -2.552785
0.519038 -1.614022
0.418838 -1.602772
0.274549 -0.680106
0.507014 -1.805816
0.819639 -3.409435
0.805611 -3.448934
0.046092 0.435766
0.659319 -2.686444
0.649299 -2.647666
0.104208 0.279248
0.623246 -2.405477
0.014028 0.634769
0.541082 -1.942513
0.300601 -0.932341
0.841683 -3.101746
0.775551 -3.207570
0.549098 -1.971981
0.244489 -0.495118
0.867735 -3.708541
0.821643 -3.181978
0.663327 -2.636940
0.537074 -1.945375
0.515030 -1.903753
0.907816 -4.014873
0.416834 -1.046133
0.310621 -0.689267
0.184369 0.020135
0.000000 0.607485
0.935872 -3.945676
0.446894 -1.716509
0.486974 -1.583928
0.803607 -3.332790
0.296593 -0.803801
0.717435 -2.542566
0.068136 0.374072
0.484970 -1.667796
0.292585 -0.427546
0.422846 -1.418635
0.176353 0.063381
0.875752 -3.680374
0.563126 -1.793553
0.771543 -3.048932
0.428858 -1.429015
0.849699 -3.365796
0.458918 -1.510238
0.673347 -2.593490
0.024048 0.870754
0.629259 -2.594397
0.396794 -1.002842
0.823647 -3.052564
0.414830 -1.430091
0.587174 -2.124692
0.180361 -0.127531
0.833667 -3.341057
0.218437 -0.336028
0.889780 -3.565399
0.839679 -3.264041
0.258517 -0.276216
0.070140 0.653697
0.346693 -0.941702
0.733467 -2.806441
0.100200 0.238946
0.374749 -1.166824
0.741483 -2.811875
0.332665 -0.761689
0.112224 0.073905
0.871743 -3.621850
0.450902 -1.385718
0.509018 -1.768575
0.743487 -2.817013
0.088176 0.419495
0.370741 -0.968020
0.725451 -2.991332
0.559118 -1.987097
0.809619 -3.372582
0.755511 -3.194610
0.294589 -0.568277
0.651303 -2.516885
0.316633 -0.761762
0.322645 -0.556843
0.647295 -2.375190
0.404810 -1.182683
0.196393 -0.103808
0.350701 -1.127832
0.464930 -1.404827
0.232465 -0.236611
