-0.550200 -1.012407
1.298314 0.895100
-1.351153 -0.471016
0.306594 -1.376218
-0.047520 0.697860
1.381294 -2.339491
-0.738680 -1.090318
0.321796 -2.678502
-1.963065 1.231680
1.753258 0.082419
0.195894 0.934213
2.377127 -1.231175
-1.674465 -1.274624
1.040630 1.457432
2.388513 -0.816769
1.525998 -0.381821
-0.653568 -1.351510
-0.017243 0.503821
1.712772 -0.194331
1.607443 -0.154392
0.249495 -1.478936
1.825097 0.680817
-0.112832 0.794556
0.398819 0.470496
0.598439 1.967201
-1.754694 1.381502
-2.235305 -0.610720
-1.238468 1.868951
-1.303524 1.591950
1.343107 1.452745
2.091880 -1.680029
-0.053917 -2.710286
-2.055051 -1.638373
-1.445183 1.757838
1.726035 0.726032
-0.323305 0.689835
-0.926275 -0.728563
0.458372 -2.840658
-0.204844 -1.427173
-0.169791 0.649388
-0.613723 -2.329902
-1.195085 -2.538350
0.228464 0.733125
1.141540 1.677160
-1.815378 -1.821206
-0.163425 0.789598
0.416533 1.948993
-1.047309 1.794372
-0.523091 0.598982
-1.037822 -0.626829
-0.469208 1.209501
-1.977169 1.187657
-2.329053 -0.135356
-1.308998 -0.816370
-1.034078 0.323053
-2.111704 -1.196258
0.163576 0.798280
-1.027090 1.867644
-1.699969 1.510984
-0.315210 2.244830
-1.506642 1.549461
-0.822431 1.069012
0.654261 0.063758
-1.758826 -1.829408
0.566564 0.795351
-1.372690 -2.042948
1.330161 -0.903960
-1.374966 -0.242168
-1.002041 -0.008264
0.604794 0.073620
-0.298004 -1.110847
1.907053 -2.225739
-0.901424 0.540690
1.596611 0.979840
-0.064458 0.889960
-2.172950 0.635332
-1.095896 0.086814
1.912542 -0.144672
-0.151028 -1.439367
-1.192431 0.367973
0.202424 -1.478409
-2.471958 -1.316341
-0.088753 -2.706893
-2.500805 -0.374608
1.434589 1.375343
-0.023812 2.004514
-0.666351 -1.519903
-2.384720 0.143464
-0.964578 0.233699
1.428953 1.188111
-1.288683 0.272716
3.183012 -1.017521
-0.797892 -2.474072
-0.389432 0.861412
0.520210 0.465986
1.371030 1.643469
0.492156 -1.771944
0.292361 0.929009
0.554391 0.409979
2.850532 -0.611771
1.480354 -2.272915
-2.330230 -0.600715
0.189363 0.641855
0.588818 0.162277
0.488763 0.587004
-0.671365 -1.009482
0.444783 0.300955
-0.135011 -1.332203
-2.213297 -1.322915
-2.313739 -0.771841
0.018322 -1.117127
0.768990 0.687776
-1.955250 -1.519754
-0.783586 -2.400210
1.326772 1.242632
0.702290 0.607579
-0.394071 -1.475495
1.455980 -0.078986
0.751227 -1.376703
-0.889531 -2.619948
-0.902861 -0.637831
0.598962 0.137570
0.445758 0.038268
-0.040469 0.769569
-0.876053 0.892847
-0.486200 0.992215
1.578522 -0.148565
-2.002353 1.237187
0.926500 -2.637259
-0.576208 -2.409321
-1.876433 -1.603595
2.234679 -1.358110
0.169235 -2.659340
0.458831 1.891150
0.701880 -1.404103
1.478073 1.076639
2.749794 -1.135479
1.494886 -1.048606
3.028852 -1.198884
-1.295365 -0.607155
0.306102 0.193956
-2.171732 -0.158520
0.604407 0.000620
2.976591 -0.374736
-1.230819 2.033562
-0.281793 -2.558171
0.426454 0.216223
-0.946717 2.166030
-1.850912 -1.927301
0.812801 1.906186
-2.226427 0.697398
0.105248 -1.534543
-0.317326 -1.203164
-0.998889 -0.397753
0.198282 2.229000
0.586556 2.058628
-0.238784 -1.566821
-0.062193 0.832833
1.788846 -2.209918
1.516864 1.032511
0.333057 0.657239
-0.654634 2.041377
0.719980 0.189189
-0.685441 2.044933
0.066519 1.980264
-1.071854 0.840946
1.926313 -2.012101
0.689813 -2.475602
-0.087329 -1.270678
-1.206397 -0.380998
-0.370438 -2.602313
-2.105100 -1.033960
-2.078345 -0.046516
-1.433497 -2.066060
1.785817 -2.110863
0.957377 -1.152174
-0.705599 -2.681971
0.291760 -2.749776
0.465550 -2.818664
1.301037 1.048231
-1.274805 1.766639
-1.207583 1.763324
-2.013341 1.228474
2.730110 -0.720656
2.086972 -1.540288
-1.687747 -1.983635
-2.251488 0.466715
2.381342 -1.833046
-0.557223 -1.278101
0.271701 0.007564
-1.272709 -0.396924
-1.983670 1.381034
-0.163433 0.822183
1.027562 1.656365
-1.692594 1.692331
-0.884793 -1.016311
-1.391411 1.880098
3.122340 0.011555
0.495046 0.278674
-2.568500 -0.602940
-0.647272 0.397896
-0.616467 0.586111
-0.269277 0.840911
-0.529429 0.749414
1.660442 1.071983
-2.448961 0.642352
-1.374866 -2.013652
0.547616 0.316076
-2.385758 -0.043966
1.150844 -1.366697
0.702664 -1.637080
0.549554 0.568201
0.165343 -1.538425
0.281601 -1.319802
-1.059211 -0.268538
1.521386 -0.693054
1.769077 0.471758
2.949460 -0.124115
0.166919 2.076202
-2.662988 0.210519
-0.908850 -0.782340
-1.632295 -1.634343
-2.056214 0.871073
-0.674473 -2.270378
-0.072433 -1.483702
1.010142 -2.420548
-1.513918 1.400423
-0.310922 -2.529663
1.647386 0.131963
-0.393318 0.552759
2.896284 -1.026850
3.044864 -0.084925
1.313483 -0.400758
-2.122363 -1.542278
1.568929 -1.022651
0.945731 -1.120594
-1.134442 -0.201148
-0.586746 0.936875
-0.461970 -1.058097
-2.236132 -1.163769
-1.178397 -0.851198
-2.631481 0.316891
1.232159 -1.174120
0.735161 -1.408749
-0.001938 2.180841
1.216346 -2.309877
-2.275636 0.660308
0.251742 1.971295
0.410211 -1.366420
-1.513931 1.849068
2.944058 -0.619510
0.040194 -2.920398
1.092457 1.700894
0.738589 -2.559562
-0.313426 2.116126
0.271303 0.890902
-1.043473 -0.583341
-2.052811 0.751575
-1.219221 -2.407523
-0.984187 1.821349
1.369749 -1.178192
-0.025026 -2.678615
-0.704857 0.877507
-2.020294 1.267516
-2.222221 0.263463
0.717560 -1.302549
2.285408 -1.636164
-2.374494 -0.355738
-0.938854 0.547286
0.685610 1.881540
0.936268 -1.321586
-2.347558 -0.628927
2.174743 -1.688049
-0.774905 -1.563925
-1.170713 0.418215
-1.775218 1.373061
1.417050 1.027779
-2.318985 0.557556
1.524666 1.089031
-1.084338 0.118809
-1.112252 0.331223
1.750091 -0.236836
1.570812 -0.653124
0.181949 0.832730
1.322074 -2.490536
-1.074895 -0.888582
-0.168069 0.872204
2.437945 -1.577240
-0.840963 0.501126
0.679240 0.550706
-0.803842 0.545871
0.563197 0.743717
-0.710135 0.517109
0.040071 -1.376715
0.566411 -0.030843
-1.091610 0.266644
0.551818 0.268540
0.873257 -2.242560
2.924472 -0.057084
0.532559 0.297894
