1095.991984 557.522054
1066.332665 535.547525
1059.118236 519.939503
1035.671343 519.568235
1098.997996 553.131920
1060.320641 515.993402
1003.607214 497.729423
1016.833667 523.837899
1014.228457 525.272078
1096.993988 554.668060
1022.444890 529.357240
1065.731463 525.067457
1031.462926 531.396930
1057.314629 511.563098
1023.847695 530.699603
1048.296593 500.177837
1062.124248 512.597428
1003.807615 500.323368
1087.575150 563.992831
1005.410822 500.384344
1068.136273 529.011086
1012.825651 520.286068
1017.434870 530.391471
1025.250501 526.024257
1020.040080 530.198414
1056.513026 507.336853
1093.386774 562.864859
1036.472946 516.589481
1043.286573 515.159436
1076.753507 554.950387
1047.895792 512.096432
1010.220441 516.172732
1075.951904 551.808823
1086.573146 559.555917
1092.985972 557.331062
1072.945892 543.541258
1060.120240 511.438954
1093.587174 555.397152
1096.392786 551.396738
1079.559118 557.201281
1072.344689 543.686947
1034.468938 523.802993
1056.112224 510.837413
1097.595190 551.523212
1032.064128 525.190048
1049.498998 506.411575
1020.841683 529.727328
1067.134269 529.819113
1080.561122 557.967318
1065.130261 521.374049
1051.503006 504.337870
1061.322645 523.024459
1048.697395 508.739017
1057.915832 512.020475
1071.342685 539.269538
1001.202405 491.200099
1063.927856 520.735325
1031.863727 532.582170
1013.426854 517.944841
1097.995992 546.768512
1000.000000 489.593081
1068.937876 532.089656
1015.030060 524.494555
1073.547094 548.746029
1040.681363 507.934384
1009.218437 510.799826
1047.094188 502.113678
1053.306613 508.424630
1021.442886 529.431284
1053.507014 510.609780
1046.492986 508.745584
1089.979960 558.884084
1072.144289 541.478004
1024.248497 529.035265
1027.254509 530.159730
1079.358717 548.522753
1019.438878 526.182677
1042.084168 514.559622
1098.396794 549.782122
1094.789579 544.041887
1087.975952 556.383804
1084.168337 563.848001
1032.665331 528.099219
1058.517034 515.118086
1090.581162 558.875367
1047.494990 506.473418
1071.142285 539.872151
1098.597194 554.424204
1060.921844 521.206252
1033.066132 520.333277
1067.935872 533.502101
1002.805611 499.869394
1093.987976 552.242830
1040.080160 512.868903
1051.703407 509.062728
1064.929860 525.447185
1027.054108 531.999347
1052.304609 506.048940
1001.402806 487.935998
1025.050100 537.437729
1094.989980 554.085377
1053.707415 513.764923
1032.865731 523.834472
1056.713427 509.872441
1034.669339 515.982567
1051.302605 500.242360
1017.635271 529.143252
1032.264529 524.640112
1082.364729 569.667146
1052.505010 510.025697
1064.529058 528.262659
1041.082164 515.361741
1026.052104 535.087009
1092.585170 554.581651
1080.160321 558.944945
1001.603206 494.864303
1040.280561 509.852012
1065.931864 524.014312
1010.821643 523.901610
1012.424850 520.566946
1039.078156 512.509174
1023.046092 533.549338
1097.194389 558.329067
1061.723447 519.720201
1066.933868 532.464580
1027.655311 534.312219
1003.006012 492.743813
1030.260521 524.836679
1063.126253 523.412731
1092.785571 558.505458
1006.012024 510.501313
1045.290581 506.407057
1059.719439 517.909583
1041.683367 512.405030
1045.090180 517.310813
1042.685371 505.119866
1089.378758 565.053517
1084.969940 563.490721
1029.859719 532.871659
1031.262525 526.805444
1039.679359 512.817887
1067.735471 541.678055
1095.791583 557.688148
1061.122244 515.794531
1032.464930 522.308881
1011.823647 515.166333
1039.879760 515.886195
1040.480962 518.754809
1008.216433 519.017855
1046.893788 501.851445
1015.831663 521.291127
1088.577154 565.102242
1083.767535 563.897307
1057.515030 512.937715
1098.196393 547.375518
1022.044088 528.158121
1024.649299 526.429397
1007.815631 506.636099
1085.771543 565.721259
1020.240481 529.780971
1063.727455 523.636667
1046.092184 508.817395
1071.743487 541.127028
1076.553106 554.209840
1009.819639 524.768288
1047.294589 509.075455
1093.787575 558.875170
1082.565130 558.823024
1028.056112 530.151515
1026.252505 535.466500
1013.226453 518.526565
1078.156313 563.767635
1087.775551 559.793371
1033.867735 522.126752
1091.583166 564.707131
1054.509018 501.963679
1043.486974 503.410001
1088.376754 572.368124
1057.715431 515.339749
1001.803607 490.128681
1025.651303 534.818507
1082.164329 556.251772
1097.394790 550.930843
1099.198397 548.638398
1004.609218 504.765275
1097.795591 552.328906
1029.458918 527.632216
1085.170341 573.761007
1077.755511 558.120288
1059.519038 514.057337
1078.356713 560.678814
1064.128257 520.289581
1007.214429 512.923752
1076.152305 555.881145
1089.779559 560.188859
1044.889780 509.547103
1092.384770 565.508201
1088.977956 563.784128
1036.272545 513.908799
1013.627255 525.473453
1003.206413 495.391597
1078.957916 557.452879
1012.024048 515.175781
1056.312625 509.118241
1022.244489 530.431144
1070.140281 547.114596
1039.478958 509.892161
1083.567134 564.950213
1075.751503 543.968167
1100.000000 548.484760
1082.765531 566.214085
1007.615230 511.468421
1086.773547 563.337330
1011.222445 520.455155
1062.725451 516.063161
1006.613226 502.363121
1090.981964 562.532109
1004.408818 503.770288
1073.346693 545.993864
1052.104208 506.231708
1008.416834 506.145976
1015.631263 523.057452
1074.549098 551.109465
1007.014028 505.645684
1014.829659 521.778083
1086.172345 559.423931
1044.689379 505.591846
1006.212425 503.939412
1053.907816 512.220962
1064.328657 534.833819
1012.625251 514.969922
1046.693387 507.678167
1035.871743 520.289046
1010.420842 513.302421
1062.925852 519.878235
1045.891784 507.603880
1079.759519 554.748678
1065.330661 525.520175
1035.470942 522.051686
1023.246493 527.012204
1047.695391 500.830391
1067.334669 530.350271
1073.747495 548.471789
1081.563126 566.247203
1071.543086 540.221680
1048.496994 508.258216
1023.647295 526.429281
1081.162325 550.839765
1090.781563 559.481916
1033.266533 524.991420
1002.404810 499.040223
1008.617234 514.564798
1005.811623 499.931206
1013.026052 513.957908
1024.448898 538.366855
1077.354709 557.126754
1001.002004 488.429641
1078.757515 562.497858
1085.571142 564.706253
1015.430862 528.174425
1028.256513 522.681083
1094.388778 559.162694
1025.851703 530.820017
1029.258517 533.079117
1019.238477 532.560505
1049.699399 503.074500
1000.400802 496.665994
1031.062124 530.956540
1090.380762 562.564906
1059.919840 518.467357
1026.653307 531.479261
1055.911824 503.608484
1063.326653 523.865291
1073.947896 548.604230
1099.599198 551.531191
1069.939880 529.364783
1049.098196 504.159605
1055.310621 506.912754
1015.230461 525.675818
1066.132265 531.724280
1075.150301 553.032137
1020.440882 533.974509
1061.523046 517.018181
1024.849699 530.629446
1008.817635 510.793031
1009.018036 513.904258
1014.028056 519.335253
1038.476954 522.841305
1051.903808 505.203758
1074.749499 548.986794
1064.729459 523.146263
1042.885772 512.057585
1038.076152 523.589161
1068.537074 524.816299
1094.188377 558.013761
1089.178357 560.040277
1010.621242 516.140797
1065.531062 532.882141
1087.374749 560.686950
1068.336673 534.663427
